7 8
1 1 1 1 0 1 1 1
1 1 0 1 0 1 0 0
1 1 1 0 1 1 1 1
0 0 1 0 1 0 1 1
1 1 1 1 1 1 0 1
1 1 1 0 0 1 1 0
1 1 1 0 0 1 1 1
177

55
39
31
23
7
54
53
50
49
48
46
30
22
6
45
42
41
40
37
21
13
5
36
35
34
33
32
28
20
26
11
3
18
17
16
2
9
8
1
0

5 5
0 1 1 0 0
0 0 0 0 0
0 0 1 1 1
0 0 0 1 1
1 1 0 0 1
22


13 0
12 1
18 1
14 2
19 2
21 3
2  4
1  4
24 4
20 4

2,4
2,3 1
4,4 2
3,4 1
3,3 1
4,1 3
4,0 4
2,2 2
0,2 4
0,1 4

10 2
1 0
1 0
1 0
0 0
0 0
1 1
0 1
1 0
0 0
1 0
31

i 2 dist 3
i 3 dist 4
i 4 dist 8
i 5 dist 15
i 6 dist 23
i 7 dist 32


10 10
0 0 1 1 0 1 0 0 0 0
0 0 0 0 0 0 0 0 0 0
0 0 1 0 0 0 0 1 0 0
0 0 0 0 0 0 1 0 1 1
0 0 0 0 0 0 0 0 1 0
0 0 0 0 0 1 0 0 0 0
0 0 0 0 0 1 0 0 0 0
0 0 1 1 0 0 1 0 0 1
0 1 0 0 0 0 0 0 0 0
0 1 0 0 0 0 0 1 1 1
109
		[0]	39	int
		[1]	38	int
		[2]	48	int
		[3]	27	int
		[4]	36	int
		[5]	55	int
		[6]	65	int
		[7]	76	int
		[8]	79	int
		[9]	73	int
		[10]	2	int
		[11]	3	int
		[12]	5	int
		[13]	22	int
		[14]	72	int
		[15]	81	int
		[16]	91	int
		[17]	97	int
		[18]	98	int
		[19]	99	int
110

		[0]	38	int
		[1]	39	int
		[2]	48	int
		[3]	27	int
		[4]	36	int
		[5]	55	int
		[6]	65	int
		[7]	76	int
		[8]	79	int
		[9]	73	int
		[10]99	int
		[11]	22	int
		[12]	98	int
		[13]	72	int
		[14]	97	int
		[15]	81	int
		[16]	91	int
		[17]	2	int
		[18]	5	int
		[19]	3	int
109

25 25
1 1 1 1 1 0 1 0 0 1 1 1 1 0 1 0 0 0 1 1 1 1 1 1 0
0 1 1 1 0 1 0 0 1 1 0 1 1 1 1 1 1 1 0 1 0 1 1 1 1
1 1 1 1 1 0 1 1 1 1 1 1 1 0 1 1 1 1 0 0 1 0 1 1 1
1 1 1 1 1 1 1 1 1 1 0 0 0 0 1 1 1 0 1 1 1 1 1 1 1
1 1 1 1 1 1 1 1 1 1 1 0 1 1 1 1 0 1 1 0 0 1 1 1 1
1 1 1 1 1 1 1 1 1 1 0 1 0 0 1 1 1 1 1 0 0 1 1 1 1
1 1 1 1 0 1 1 1 1 0 1 1 1 1 1 1 1 1 0 0 1 1 0 0 1
0 1 1 0 0 1 0 1 1 1 1 1 0 1 1 1 1 1 1 1 0 1 1 1 1
1 0 1 1 1 1 1 1 1 1 0 1 1 0 1 1 1 1 0 1 1 0 1 1 1
1 0 1 0 1 1 1 1 1 0 1 1 1 1 0 0 1 1 0 1 0 1 0 1 1
1 0 0 0 1 1 1 1 1 1 1 1 1 1 1 1 1 1 1 1 1 1 1 1 0
1 1 1 1 1 1 1 1 1 1 1 0 1 1 0 0 1 0 1 1 1 1 0 1 1
1 1 0 1 1 0 1 1 1 1 1 1 1 1 0 0 1 1 0 0 1 1 1 1 1
1 0 1 0 1 1 1 1 1 0 1 1 1 1 1 1 1 1 1 1 1 1 1 1 0
1 1 1 1 1 1 0 1 1 1 1 1 1 0 1 1 0 1 1 1 1 1 1 1 1
1 1 1 1 1 1 1 1 0 1 0 1 1 0 1 1 1 1 0 1 1 1 1 1 1
1 0 1 1 1 0 1 1 1 1 1 1 1 1 1 1 0 1 1 1 0 1 1 1 0
1 1 0 0 0 0 1 1 1 1 1 1 1 1 1 1 1 1 1 1 1 1 1 1 1
1 1 1 1 1 1 1 0 1 0 1 1 1 1 1 1 1 1 1 1 1 1 1 0 1
1 0 1 1 1 1 1 1 1 1 1 1 1 1 1 1 1 1 1 0 1 1 1 1 0
1 1 1 1 1 1 1 0 1 0 1 1 1 1 1 1 1 1 1 1 1 1 1 1 0
1 1 0 1 1 0 1 0 1 1 1 1 1 1 0 1 1 1 0 0 1 1 1 0 1
1 1 1 1 1 0 1 1 1 0 1 1 0 1 1 1 1 1 1 1 1 1 1 1 1
1 1 1 1 1 0 1 0 1 1 1 0 1 0 1 1 0 1 0 1 1 1 1 0 0
1 1 1 1 1 1 1 1 0 1 0 1 1 1 0 1 1 1 1 1 1 1 1 0 1
7919

15 20
0 0 0 1 1 1 1 0 0 0 0 0 1 0 1 0 0 1 1 1
0 0 1 0 0 1 0 0 0 0 1 0 0 1 1 0 0 1 0 0
0 0 0 0 0 1 0 1 0 0 0 1 0 0 0 1 0 0 1 1
0 0 0 1 0 0 1 1 0 1 0 0 0 1 1 0 0 1 0 0
1 0 0 0 0 0 0 0 0 1 1 1 0 0 0 0 0 0 0 0
0 0 1 0 0 1 1 0 0 1 1 1 0 1 0 1 1 0 0 1
0 1 0 0 0 0 0 0 0 0 0 0 0 0 0 0 0 1 1 0
1 1 0 0 0 1 1 0 0 1 0 1 1 0 0 1 0 1 0 1
0 0 0 0 1 0 0 0 0 1 1 1 1 0 0 0 1 1 1 0
0 1 0 1 1 0 0 0 1 0 0 0 1 0 0 1 1 1 1 0
0 0 0 0 0 0 1 0 1 0 0 0 1 1 0 1 0 1 0 0
0 0 0 0 0 0 0 0 1 0 0 0 0 1 1 1 0 0 0 0
0 0 1 1 0 0 1 0 1 0 0 0 0 0 0 1 0 0 0 1
1 1 0 0 1 0 0 1 0 1 1 0 0 0 0 0 1 0 1 0
0 0 0 0 1 0 0 0 1 0 0 1 0 0 0 0 0 1 0 0
1030

9: 9,0
7: 0,0
6: 1,0
5: 2,0
2: 7,0
greater 1
1: 5,1
1: 5,0


10 10
0 0 0 0 0 0 0 0 0 0
0 0 0 0 0 0 0 0 0 0
0 0 0 0 0 0 0 0 0 0
0 0 0 0 0 0 0 0 0 0
0 0 0 0 0 0 0 0 0 0
0 0 0 0 0 0 0 0 0 0
0 0 0 0 0 0 0 0 0 0
0 0 0 0 0 0 0 0 0 0
0 0 0 0 0 0 0 0 0 0
0 0 0 0 0 0 0 0 0 0
0

50 1
0
1
1
1
0
0
1
1
1
0
1
1
0
1
1
1
1
1
0
1
1
0
1
1
1
0
1
0
0
1
1
0
0
1
1
0
0
0
0
1
1
1
0
1
1
0
0
1
1
0
	
639

50 50
1 1 1 1 1 1 0 1 1 1 1 0 1 1 1 0 1 0 1 0 1 0 1 1 1 1 1 1 1 1 1 1 1 1 1 1 0 0 1 0 1 0 1 1 1 1 0 1 1 1
1 0 0 0 0 1 1 1 0 1 1 0 0 1 1 1 1 0 0 1 1 0 1 1 1 0 1 1 1 1 1 1 1 1 1 1 0 0 0 1 1 1 1 1 1 0 1 1 1 1
1 1 0 1 1 1 0 1 0 0 1 1 0 1 0 1 1 1 1 1 1 0 1 0 0 0 1 0 1 0 0 1 1 0 0 1 0 1 1 0 0 0 0 1 0 1 0 1 1 0
1 1 1 1 1 0 0 0 0 1 0 1 0 0 1 1 1 1 1 1 1 0 1 1 0 0 0 1 1 0 1 1 1 1 0 1 0 1 0 1 0 0 0 0 1 0 0 0 1 0
0 0 1 1 1 1 1 0 0 1 1 1 1 0 0 0 1 1 0 1 1 1 1 1 1 1 1 1 1 1 1 0 1 1 1 1 0 1 1 1 1 0 0 1 1 0 1 0 0 1
0 1 1 1 1 1 1 0 1 0 0 1 1 1 0 1 0 1 0 0 0 1 0 0 1 1 0 1 1 0 1 1 1 1 0 1 1 1 1 0 1 0 1 1 0 1 1 1 1 0
1 0 1 1 0 1 0 1 1 1 1 1 0 1 1 0 1 0 1 1 1 1 1 0 1 0 0 1 0 0 1 0 1 0 0 0 0 1 0 1 0 1 1 1 1 0 1 0 1 0
1 0 0 1 0 1 0 1 1 1 0 0 0 0 1 1 1 0 1 0 1 0 0 0 0 1 1 0 1 1 0 0 0 0 1 1 1 0 0 1 1 0 1 1 1 0 0 1 1 0
1 0 1 0 1 1 1 1 1 1 0 1 0 0 1 0 0 1 1 1 1 0 1 0 1 1 1 0 1 0 0 0 1 0 1 0 0 0 0 0 1 1 0 0 0 0 1 0 1 0
1 1 1 1 1 1 0 0 1 0 1 0 0 0 1 0 0 1 0 1 0 1 1 1 0 0 1 1 0 1 0 1 1 1 1 1 0 1 1 0 1 1 1 0 1 1 0 1 1 0
1 1 1 1 1 1 0 1 0 0 1 0 1 1 1 1 0 0 0 1 1 0 1 1 1 1 0 1 0 1 1 0 1 0 0 1 1 1 0 1 1 1 1 0 1 0 0 1 1 1
0 0 1 1 0 0 1 1 0 0 1 1 1 1 0 1 1 0 1 1 0 0 1 1 1 0 1 0 1 1 1 1 1 1 0 1 1 0 1 1 1 1 1 1 1 0 1 1 0 1
1 0 1 1 0 0 1 1 0 1 1 0 1 0 0 0 1 1 1 1 1 1 1 1 1 1 0 1 1 1 1 1 0 0 1 0 1 0 0 1 1 1 0 0 0 1 1 0 0 1
1 1 1 0 0 0 1 0 1 1 0 1 1 1 1 1 1 0 0 1 1 0 1 0 0 1 1 0 1 0 0 1 1 1 1 0 1 1 0 1 1 1 0 1 1 1 1 0 1 0
1 1 0 1 0 0 1 1 1 1 0 0 1 0 1 1 1 1 1 1 1 0 0 1 0 0 1 0 1 0 1 1 1 1 1 0 0 0 0 1 1 0 0 1 1 1 1 1 1 0
1 0 0 1 1 1 1 0 1 1 1 1 0 1 0 1 1 0 0 1 0 1 0 1 1 1 1 1 1 0 1 1 1 0 1 0 0 0 1 1 0 1 1 1 1 1 0 1 1 1
1 1 1 1 0 1 0 1 0 1 1 0 1 0 1 1 0 0 1 1 0 0 1 1 0 1 0 0 0 1 1 0 1 1 0 0 1 1 0 0 0 1 0 1 1 1 1 1 1 0
1 0 1 1 1 1 1 0 1 0 1 0 1 0 0 1 1 1 1 1 0 1 0 1 0 1 1 1 1 0 1 0 0 0 0 1 1 1 1 0 0 0 1 1 1 1 1 1 0 1
1 1 0 1 0 1 0 1 1 1 0 1 0 1 0 1 0 1 0 0 1 1 0 0 1 1 1 1 1 1 0 1 1 1 1 0 1 1 1 1 0 1 0 1 1 1 0 0 1 1
0 1 0 1 1 1 1 0 1 1 0 0 1 1 1 1 0 0 0 1 0 1 0 0 1 0 1 0 0 1 0 0 1 1 1 1 0 1 0 1 1 0 1 1 1 1 1 1 0 1
1 1 1 1 0 1 0 1 1 1 1 1 0 1 0 1 1 1 1 0 1 1 1 0 0 1 1 1 1 1 1 1 1 0 0 1 0 0 1 1 0 1 1 0 0 1 1 0 1 1
1 1 1 1 1 0 1 0 1 0 0 1 1 1 1 1 1 1 1 0 1 0 1 1 1 0 1 0 0 1 1 0 1 1 1 1 1 1 0 0 1 1 1 0 0 1 0 0 1 1
1 1 0 1 0 1 0 0 0 0 0 0 0 0 1 0 1 1 1 1 1 1 1 1 1 1 1 1 1 1 0 1 0 0 0 1 0 0 1 1 1 1 0 0 0 1 1 1 0 1
1 1 1 1 1 0 1 1 0 0 1 0 1 1 0 1 1 0 0 1 1 0 1 1 1 0 0 0 1 1 1 1 1 0 1 1 0 1 0 0 1 1 1 1 1 0 1 1 1 1
0 0 1 1 1 1 0 0 1 1 0 1 1 0 1 0 1 1 1 1 1 0 1 1 1 0 0 1 1 0 0 1 1 0 1 1 1 1 1 1 0 0 0 1 0 1 1 0 1 1
1 0 0 0 1 0 0 1 0 0 0 1 1 1 1 1 1 1 0 1 1 1 0 1 0 1 1 0 1 1 0 1 1 1 1 0 1 1 0 0 1 1 1 0 0 0 0 0 0 1
0 1 0 1 0 1 1 0 1 1 1 1 1 0 1 1 1 1 1 0 1 1 1 0 1 0 0 1 1 1 0 1 0 1 0 1 1 1 1 1 1 1 1 1 0 1 0 0 1 1
1 1 1 0 1 1 0 0 1 1 1 0 1 0 0 1 1 0 0 1 1 1 1 1 0 1 1 1 0 1 0 1 1 1 1 1 1 0 1 1 1 0 1 0 1 1 1 0 0 0
0 1 0 0 0 1 1 1 0 0 1 1 1 1 1 1 1 1 1 0 1 0 0 0 1 1 0 0 0 1 1 1 0 0 0 1 1 0 1 0 1 0 1 0 1 1 0 0 0 0
1 1 1 1 1 1 1 1 0 0 1 1 1 1 1 0 1 1 0 1 1 1 1 0 1 1 1 1 0 1 1 0 1 1 0 1 1 1 1 0 0 0 1 0 0 1 1 1 0 0
1 0 1 1 1 1 1 0 1 0 1 1 0 1 0 1 1 1 0 1 1 1 1 0 1 0 1 1 1 1 1 0 0 1 0 1 0 1 0 0 0 0 1 1 1 1 0 0 1 1
1 1 1 0 1 1 0 1 1 0 1 1 1 1 0 0 1 0 1 1 1 1 0 0 1 0 1 1 1 0 0 0 1 0 1 1 0 1 0 1 1 1 0 0 1 1 1 0 1 0
1 1 1 0 1 0 1 1 1 1 1 1 1 0 0 0 1 1 1 1 0 1 1 1 1 0 1 1 1 1 0 0 1 0 0 1 0 0 0 1 1 1 0 1 1 0 1 1 0 1
1 1 1 1 1 0 1 1 0 0 1 1 1 1 1 1 1 1 1 1 0 1 0 0 0 0 1 1 1 1 1 1 1 1 1 1 1 1 0 1 0 1 1 1 1 1 1 1 1 0
1 1 0 0 0 1 1 1 1 1 0 1 0 0 0 1 1 1 1 0 1 1 1 1 0 1 1 1 1 1 0 0 1 1 1 0 1 1 1 1 0 0 1 1 1 1 0 0 0 1
0 1 0 1 0 0 1 1 0 1 1 1 1 1 1 1 1 0 1 1 1 1 1 1 1 0 1 1 1 1 1 0 0 0 0 1 1 0 1 0 1 1 1 1 1 0 0 1 1 1
0 1 1 0 0 0 1 1 0 1 0 0 1 0 1 0 0 1 1 0 1 1 1 1 1 0 0 1 1 1 0 0 1 0 1 1 0 1 1 1 0 0 1 1 0 0 1 1 0 0
1 1 1 1 0 0 1 0 0 1 1 0 1 0 0 1 0 1 0 0 1 0 0 0 1 1 0 1 1 0 0 0 1 1 1 1 1 1 1 1 1 1 0 0 1 1 1 1 1 1
1 0 0 0 1 0 0 1 1 0 0 0 1 1 0 0 0 1 1 1 1 1 1 1 1 1 1 1 1 0 1 0 1 1 1 0 0 1 1 1 1 1 1 1 1 1 1 1 0 1
0 1 0 1 1 0 1 1 0 0 1 1 0 1 1 0 1 0 1 0 1 1 0 1 1 1 1 1 1 1 1 1 1 0 1 1 1 1 0 1 0 1 1 1 1 1 0 1 0 0
1 0 1 1 1 0 0 0 0 0 1 1 0 1 1 1 1 1 0 0 0 1 1 1 0 0 0 1 1 0 1 0 1 0 1 0 0 1 1 0 1 0 1 1 0 1 1 1 0 1
1 0 1 1 1 0 0 0 1 0 1 0 0 0 1 0 1 1 1 0 1 1 1 0 1 1 0 1 1 0 1 1 1 1 1 0 0 1 1 0 1 1 1 0 1 0 1 1 1 0
1 1 1 0 0 1 1 1 1 1 0 1 0 1 0 1 1 1 1 0 1 0 0 1 1 1 0 1 0 1 0 0 1 0 1 1 0 1 0 0 1 0 0 0 1 1 1 1 1 1
0 0 1 0 1 1 1 0 1 1 0 1 0 0 0 0 1 0 0 1 1 1 1 1 0 0 1 1 1 0 0 0 0 0 0 1 1 1 0 0 0 1 1 1 1 1 1 1 1 1
1 0 1 1 1 1 1 0 0 0 0 0 0 1 0 1 1 0 0 1 1 0 1 1 1 0 0 0 0 1 1 0 1 0 1 1 1 1 1 1 1 0 1 1 0 0 1 1 1 0
0 1 1 0 1 0 1 0 0 0 1 1 0 0 0 1 1 1 1 1 1 1 1 1 0 0 0 0 0 0 1 1 1 0 1 1 0 1 1 1 0 1 1 0 0 0 0 0 1 1
1 1 1 0 1 0 0 1 0 1 0 0 0 1 0 1 0 1 0 1 1 0 0 1 1 0 0 0 0 0 1 1 1 0 0 1 1 1 0 0 1 0 1 1 1 1 0 1 0 0
1 1 1 0 0 0 0 0 1 1 0 0 0 1 1 1 0 0 1 0 1 1 0 0 1 0 1 1 0 1 1 0 1 0 1 0 1 1 1 0 1 0 0 0 1 0 1 1 0 0
0 1 0 0 0 1 1 1 1 1 0 0 1 0 1 0 1 0 1 1 1 0 0 0 1 1 0 1 0 1 1 1 1 0 0 0 0 1 1 1 0 1 1 1 1 0 1 1 0 1
0 1 0 1 1 0 0 0 1 0 0 1 1 0 1 1 1 1 0 0 1 1 1 1 1 0 1 0 1 0 1 0 0 0 1 1 1 0 1 1 0 0 1 0 1 1 1 0 1 0
50086


22
2,4
2,3 1
4,4 2
3,4 1
3,3 1
4,1 3
4,0 4
2,2 2
0,2 4
0,1 4

4,0
4,1
0,1
0,2
2,2
4,4
2,3
2,4
3,3
23

4: 4,0
4: 4,1
4: 0,1
4: 0,2
2: 2,2
2: 4,4
1: 3,3
1: 2,4
1: 2,3
0: 3,4
23

3 8
1 1 1 1 0 1 1 1
1 1 0 1 0 1 0 0
1 1 1 0 1 1 1 1

1 1 1 1 0 1 1 1
1 1 0 1 0 1 0 0
1 1 1 0 1 1 1 0

2,0 0
1,0 1
2,2 2
2,1 1
1,1 1
0,2 2
0,1 2
0,0 2
2,6 6
2,5 5
2,4 4
1,5 5
1,3 3
0,3 3
0,7 7
0,6 6
0,5 5

59
1,1 0
1,0 1
0,1 1
0,3 3
0,2 2
0,7 7
2,6 6
2,2 5
2,0 7
1,5 5
1,3 4
0,6 6
0,5 5
0,0 7

7: 0,7
7: 2,7
6: 0,6
6: 2,6
5: 0,5
5: 1,5
5: 2,5
4: 2,4
3: 0,3
3: 1,3
2: 2,2
2: 0,2
2: 0,0
2: 0,1
1: 2,0
1: 1,1
1: 1,0

47
2,0 0
1,0 1
2,2 2
2,1 1
1,1 1
0,2 2
0,1 2
0,0 2
1,5 5
0,6 6
0,5 5
0,3 3
2,4 4
2,5 5
1,3 3
0,7 7
2,6 6
2,7 7

44
0,1 0
0,0 1
2,0 2
1,1 1
1,0 1
1,3 3
0,2 2
0,7 7
0,6 6
0,5 5
2,1 0
0,3 4
2,2 0
2,4 0
1,5 5
2,5 0
2,6 0
2,7 7

2,0 0
1,0 1
2,2 2
2,1 1
1,1 1
0,2 2
0,1 2
0,0 2
2,7 7
2,6 6
0,6 6
0,5 5
2,4 4
2,5 5
0,3 4
1,5 5
1,3 4
0,7 7


greater 1
7: 0,7
7: 2,7
greater 1
6: 0,6
6: 2,6
5: 0,5
greater 1
5: 1,5
5: 2,5
4: 2,4
3: 0,3
3: 1,3
greater 1
2: 2,2
2: 0,2
greater 1
2: 0,0
2: 0,1
greater 1
1: 2,0
greater 1
1: 1,1
1: 1,0
62